single point
      global_s                      0.1200000000000000    1.000000000000000    0.000000000000000
      global_t                      1700.000000000001    1.000000000000000    0.000000000000000
well_1013__stream_apportionment11                      0.001300000000000000    1.000000000000000    0.000000000000000
well_1302__stream_apportionment12                      0.02750000000000000    1.000000000000000    0.000000000000000
well_1323__stream_apportionment13                      0.2554000000000000    1.000000000000000    0.000000000000000
well_1486__stream_apportionment14                      0.6415999999999999    1.000000000000000    0.000000000000000
well_1584__stream_apportionment15                      0.9581000000000000    1.000000000000000    0.000000000000000
well_1589__stream_apportionment16                      0.09360000000000000    1.000000000000000    0.000000000000000
well_1643__stream_apportionment17                      0.09590000000000000    1.000000000000000    0.000000000000000
well_1683__stream_apportionment18                      0.09100000000000000    1.000000000000000    0.000000000000000
well_1860__stream_apportionment19                      0.1224000000000000    1.000000000000000    0.000000000000000
well_23610__stream_apportionment26                      0.6052000000000000    1.000000000000000    0.000000000000000
well_23611__stream_apportionment27                      0.5394000000000000    1.000000000000000    0.000000000000000
well_23618__stream_apportionment28                      0.5940000000000000    1.000000000000000    0.000000000000000
well_23620__stream_apportionment29                      0.01140000000000000    1.000000000000000    0.000000000000000
well_23627__stream_apportionment30                      0.9960000000000000    1.000000000000000    0.000000000000000
well_23629__stream_apportionment31                      0.1288000000000000    1.000000000000000    0.000000000000000
well_23630__stream_apportionment32                      0.1619000000000000    1.000000000000000    0.000000000000000
well_23631__stream_apportionment33                      0.1852000000000000    1.000000000000000    0.000000000000000
well_23635__stream_apportionment34                      0.03060000000000000    1.000000000000000    0.000000000000000
well_23637__stream_apportionment35                      0.01860000000000000    1.000000000000000    0.000000000000000
well_23638__stream_apportionment36                      0.8466000000000000    1.000000000000000    0.000000000000000
well_23639__stream_apportionment37                      0.3237000000000000    1.000000000000000    0.000000000000000
well_23645__stream_apportionment38                      0.9442000000000000    1.000000000000000    0.000000000000000
well_23646__stream_apportionment39                      0.8129999999999999    1.000000000000000    0.000000000000000
well_23648__stream_apportionment40                      0.02920000000000000    1.000000000000000    0.000000000000000
well_23653__stream_apportionment41                      0.9911000000000000    1.000000000000000    0.000000000000000
well_23695__stream_apportionment42                      0.1556000000000000    1.000000000000000    0.000000000000000
well_23697__stream_apportionment43                      0.02040000000000000    1.000000000000000    0.000000000000000
well_23698__stream_apportionment44                      0.02430000000000000    1.000000000000000    0.000000000000000
well_23699__stream_apportionment45                      0.02040000000000000    1.000000000000000    0.000000000000000
well_23700__stream_apportionment46                      0.03560000000000000    1.000000000000000    0.000000000000000
well_23709__stream_apportionment47                      0.1329000000000000    1.000000000000000    0.000000000000000
well_23710__stream_apportionment48                      0.02690000000000000    1.000000000000000    0.000000000000000
well_23715__stream_apportionment49                      0.08590000000000000    1.000000000000000    0.000000000000000
well_23716__stream_apportionment50                      0.06750000000000000    1.000000000000000    0.000000000000000
well_23720__stream_apportionment51                      0.2836000000000000    1.000000000000000    0.000000000000000
well_23721__stream_apportionment52                      0.2777000000000000    1.000000000000000    0.000000000000000
well_23722__stream_apportionment53                      0.6135000000000000    1.000000000000000    0.000000000000000
well_23723__stream_apportionment54                      0.06560000000000001    1.000000000000000    0.000000000000000
well_23726__stream_apportionment55                      0.08970000000000000    1.000000000000000    0.000000000000000
well_23727__stream_apportionment56                      0.1253000000000000    1.000000000000000    0.000000000000000
well_23728__stream_apportionment57                      0.07199999999999999    1.000000000000000    0.000000000000000
well_23729__stream_apportionment58                      0.1326000000000000    1.000000000000000    0.000000000000000
well_23751__stream_apportionment59                      0.08030000000000000    1.000000000000000    0.000000000000000
well_23752__stream_apportionment60                      0.8536000000000000    1.000000000000000    0.000000000000000
well_23753__stream_apportionment61                      0.6221000000000000    1.000000000000000    0.000000000000000
well_23754__stream_apportionment62                      0.03630000000000000    1.000000000000000    0.000000000000000
well_23755__stream_apportionment63                      0.9815000000000000    1.000000000000000    0.000000000000000
well_23756__stream_apportionment64                      0.05900000000000000    1.000000000000000    0.000000000000000
well_23757__stream_apportionment65                      0.02090000000000000    1.000000000000000    0.000000000000000
well_23758__stream_apportionment66                      0.03790000000000000    1.000000000000000    0.000000000000000
well_23770__stream_apportionment67                      0.9489000000000000    1.000000000000000    0.000000000000000
well_23776__stream_apportionment68                      0.09520000000000001    1.000000000000000    0.000000000000000
well_23778__stream_apportionment69                      0.1305000000000000    1.000000000000000    0.000000000000000
well_23781__stream_apportionment70                      0.7044000000000000    1.000000000000000    0.000000000000000
well_23790__stream_apportionment71                      0.01560000000000000    1.000000000000000    0.000000000000000
well_23791__stream_apportionment72                      0.02060000000000000    1.000000000000000    0.000000000000000
well_23794__stream_apportionment73                      0.7903000000000000    1.000000000000000    0.000000000000000
well_23795__stream_apportionment74                      0.1361000000000000    1.000000000000000    0.000000000000000
well_23798__stream_apportionment75                      0.3916000000000000    1.000000000000000    0.000000000000000
well_23800__stream_apportionment76                      0.7564000000000000    1.000000000000000    0.000000000000000
well_23807__stream_apportionment77                      0.05610000000000000    1.000000000000000    0.000000000000000
well_23816__stream_apportionment78                      0.9538000000000000    1.000000000000000    0.000000000000000
well_23818__stream_apportionment79                      0.01500000000000000    1.000000000000000    0.000000000000000
well_23820__stream_apportionment80                      0.08470000000000000    1.000000000000000    0.000000000000000
well_23823__stream_apportionment81                      0.01570000000000000    1.000000000000000    0.000000000000000
well_23836__stream_apportionment82                      0.9589000000000000    1.000000000000000    0.000000000000000
well_23837__stream_apportionment83                      0.8250000000000000    1.000000000000000    0.000000000000000
well_23846__stream_apportionment84                      0.1148000000000000    1.000000000000000    0.000000000000000
well_23847__stream_apportionment85                      0.5780000000000000    1.000000000000000    0.000000000000000
well_23848__stream_apportionment86                      0.5052000000000000    1.000000000000000    0.000000000000000
well_23851__stream_apportionment87                      0.6419000000000000    1.000000000000000    0.000000000000000
well_23864__stream_apportionment88                      0.1723000000000000    1.000000000000000    0.000000000000000
well_23865__stream_apportionment89                      0.1432000000000000    1.000000000000000    0.000000000000000
well_23866__stream_apportionment90                      0.08390000000000000    1.000000000000000    0.000000000000000
well_23867__stream_apportionment91                      0.01730000000000000    1.000000000000000    0.000000000000000
well_23868__stream_apportionment92                      0.009599999999999999    1.000000000000000    0.000000000000000
well_23869__stream_apportionment93                      0.02750000000000000    1.000000000000000    0.000000000000000
well_23870__stream_apportionment94                      0.02810000000000000    1.000000000000000    0.000000000000000
well_23876__stream_apportionment95                      0.9570000000000000    1.000000000000000    0.000000000000000
well_23881__stream_apportionment96                      0.4588000000000000    1.000000000000000    0.000000000000000
well_23883__stream_apportionment97                      0.03690000000000000    1.000000000000000    0.000000000000000
well_23886__stream_apportionment98                      0.04440000000000000    1.000000000000000    0.000000000000000
well_23888__stream_apportionment99                      0.7608000000000000    1.000000000000000    0.000000000000000
well_23889__stream_apportionment100                      0.7371000000000000    1.000000000000000    0.000000000000000
well_23890__stream_apportionment101                      0.05420000000000000    1.000000000000000    0.000000000000000
well_23895__stream_apportionment102                      0.1401000000000000    1.000000000000000    0.000000000000000
well_23898__stream_apportionment103                      0.01160000000000000    1.000000000000000    0.000000000000000
well_23908__stream_apportionment104                      0.3927000000000000    1.000000000000000    0.000000000000000
well_23909__stream_apportionment105                      0.5584000000000000    1.000000000000000    0.000000000000000
well_23910__stream_apportionment106                      0.01590000000000000    1.000000000000000    0.000000000000000
well_23913__stream_apportionment107                      0.006100000000000000    1.000000000000000    0.000000000000000
well_23915__stream_apportionment108                      0.02220000000000000    1.000000000000000    0.000000000000000
well_23919__stream_apportionment109                      0.8116000000000000    1.000000000000000    0.000000000000000
well_23926__stream_apportionment110                      0.04520000000000000    1.000000000000000    0.000000000000000
well_23928__stream_apportionment111                      0.4229000000000000    1.000000000000000    0.000000000000000
well_23929__stream_apportionment112                      0.8968000000000000    1.000000000000000    0.000000000000000
well_23930__stream_apportionment113                      0.5494000000000000    1.000000000000000    0.000000000000000
well_23934__stream_apportionment114                      0.9928000000000000    1.000000000000000    0.000000000000000
well_23936__stream_apportionment115                      0.7501000000000000    1.000000000000000    0.000000000000000
well_23937__stream_apportionment116                      0.5286999999999999    1.000000000000000    0.000000000000000
well_23939__stream_apportionment117                      0.8864000000000000    1.000000000000000    0.000000000000000
well_23942__stream_apportionment118                      0.04440000000000000    1.000000000000000    0.000000000000000
well_23944__stream_apportionment119                      0.09580000000000000    1.000000000000000    0.000000000000000
well_23948__stream_apportionment120                      0.3410000000000000    1.000000000000000    0.000000000000000
well_23956__stream_apportionment121                      0.2138000000000000    1.000000000000000    0.000000000000000
well_23961__stream_apportionment122                      0.002800000000000000    1.000000000000000    0.000000000000000
well_23962__stream_apportionment123                      0.1476000000000000    1.000000000000000    0.000000000000000
well_23963__stream_apportionment124                      0.04880000000000000    1.000000000000000    0.000000000000000
well_23966__stream_apportionment125                      0.03810000000000000    1.000000000000000    0.000000000000000
well_23967__stream_apportionment126                      0.3685000000000000    1.000000000000000    0.000000000000000
well_23972__stream_apportionment127                      0.04260000000000000    1.000000000000000    0.000000000000000
well_23977__stream_apportionment128                      0.5259000000000000    1.000000000000000    0.000000000000000
well_23978__stream_apportionment129                      0.02950000000000000    1.000000000000000    0.000000000000000
well_23979__stream_apportionment130                      0.03630000000000000    1.000000000000000    0.000000000000000
well_23980__stream_apportionment131                      0.05560000000000000    1.000000000000000    0.000000000000000
well_23981__stream_apportionment132                      0.7511000000000000    1.000000000000000    0.000000000000000
well_23983__stream_apportionment133                      0.1076000000000000    1.000000000000000    0.000000000000000
well_23984__stream_apportionment134                      0.2378000000000000    1.000000000000000    0.000000000000000
well_23985__stream_apportionment135                      0.5827000000000000    1.000000000000000    0.000000000000000
well_23987__stream_apportionment136                      0.1299000000000000    1.000000000000000    0.000000000000000
well_23998__stream_apportionment137                      0.01110000000000000    1.000000000000000    0.000000000000000
well_24003__stream_apportionment138                      0.1987000000000000    1.000000000000000    0.000000000000000
well_24005__stream_apportionment139                      0.3195000000000000    1.000000000000000    0.000000000000000
well_24010__stream_apportionment140                      0.8453000000000001    1.000000000000000    0.000000000000000
well_24011__stream_apportionment141                      0.8339000000000000    1.000000000000000    0.000000000000000
well_24012__stream_apportionment142                      0.06300000000000000    1.000000000000000    0.000000000000000
well_24016__stream_apportionment143                      0.004700000000000000    1.000000000000000    0.000000000000000
well_24024__stream_apportionment144                      0.03160000000000000    1.000000000000000    0.000000000000000
well_24030__stream_apportionment145                      0.1427000000000000    1.000000000000000    0.000000000000000
well_24033__stream_apportionment146                      0.06519999999999999    1.000000000000000    0.000000000000000
well_24036__stream_apportionment147                      0.03890000000000000    1.000000000000000    0.000000000000000
well_24037__stream_apportionment148                      0.09360000000000000    1.000000000000000    0.000000000000000
well_24042__stream_apportionment149                      0.1086000000000000    1.000000000000000    0.000000000000000
well_24043__stream_apportionment150                      0.01330000000000000    1.000000000000000    0.000000000000000
well_24045__stream_apportionment151                      0.6563000000000000    1.000000000000000    0.000000000000000
well_24047__stream_apportionment152                      0.3794000000000000    1.000000000000000    0.000000000000000
well_24049__stream_apportionment153                      0.4496000000000000    1.000000000000000    0.000000000000000
well_24059__stream_apportionment154                      0.1678000000000000    1.000000000000000    0.000000000000000
well_24063__stream_apportionment155                      0.2636000000000000    1.000000000000000    0.000000000000000
well_24066__stream_apportionment156                      0.01740000000000000    1.000000000000000    0.000000000000000
well_24080__stream_apportionment157                      0.02520000000000000    1.000000000000000    0.000000000000000
well_24091__stream_apportionment158                      0.1841000000000000    1.000000000000000    0.000000000000000
well_24093__stream_apportionment159                      0.3927000000000000    1.000000000000000    0.000000000000000
well_24110__stream_apportionment160                      0.2756000000000000    1.000000000000000    0.000000000000000
well_24120__stream_apportionment161                      0.02770000000000000    1.000000000000000    0.000000000000000
well_24121__stream_apportionment162                      0.3061000000000000    1.000000000000000    0.000000000000000
well_24125__stream_apportionment163                      0.6212000000000000    1.000000000000000    0.000000000000000
well_24130__stream_apportionment164                      0.05000000000000000    1.000000000000000    0.000000000000000
well_24135__stream_apportionment165                      0.004700000000000000    1.000000000000000    0.000000000000000
well_24137__stream_apportionment166                      0.6798999999999999    1.000000000000000    0.000000000000000
well_24165__stream_apportionment167                      0.1591000000000000    1.000000000000000    0.000000000000000
well_24166__stream_apportionment168                      0.1250000000000000    1.000000000000000    0.000000000000000
well_24169__stream_apportionment169                      0.03940000000000000    1.000000000000000    0.000000000000000
well_24172__stream_apportionment170                      0.3301000000000000    1.000000000000000    0.000000000000000
well_24195__stream_apportionment171                      0.1631000000000000    1.000000000000000    0.000000000000000
well_24197__stream_apportionment172                      0.8237000000000000    1.000000000000000    0.000000000000000
well_24203__stream_apportionment173                      0.8453000000000001    1.000000000000000    0.000000000000000
well_24216__stream_apportionment174                      0.01280000000000000    1.000000000000000    0.000000000000000
well_24225__stream_apportionment175                      0.3787000000000000    1.000000000000000    0.000000000000000
well_24226__stream_apportionment176                      0.5021000000000000    1.000000000000000    0.000000000000000
well_24227__stream_apportionment177                      0.3443000000000000    1.000000000000000    0.000000000000000
well_24239__stream_apportionment178                      0.9724000000000000    1.000000000000000    0.000000000000000
well_24240__stream_apportionment179                      0.2572000000000000    1.000000000000000    0.000000000000000
well_24247__stream_apportionment180                      0.07099999999999999    1.000000000000000    0.000000000000000
well_24249__stream_apportionment181                      0.1061000000000000    1.000000000000000    0.000000000000000
well_24252__stream_apportionment182                      0.1067000000000000    1.000000000000000    0.000000000000000
well_24253__stream_apportionment183                      0.08660000000000000    1.000000000000000    0.000000000000000
well_24256__stream_apportionment184                      0.1136000000000000    1.000000000000000    0.000000000000000
well_24265__stream_apportionment185                      0.4425000000000000    1.000000000000000    0.000000000000000
well_24266__stream_apportionment186                      0.2558000000000000    1.000000000000000    0.000000000000000
well_24274__stream_apportionment187                      0.9315000000000000    1.000000000000000    0.000000000000000
well_24279__stream_apportionment188                      0.2597000000000000    1.000000000000000    0.000000000000000
well_24283__stream_apportionment189                      0.05920000000000000    1.000000000000000    0.000000000000000
well_24285__stream_apportionment190                      0.02340000000000000    1.000000000000000    0.000000000000000
well_24286__stream_apportionment191                      0.02510000000000000    1.000000000000000    0.000000000000000
well_24291__stream_apportionment192                      0.5964000000000000    1.000000000000000    0.000000000000000
well_24293__stream_apportionment193                      0.3144000000000000    1.000000000000000    0.000000000000000
well_24294__stream_apportionment194                      0.03130000000000000    1.000000000000000    0.000000000000000
well_24302__stream_apportionment195                      0.03190000000000000    1.000000000000000    0.000000000000000
well_24305__stream_apportionment196                      0.01730000000000000    1.000000000000000    0.000000000000000
well_24307__stream_apportionment197                      0.2683000000000000    1.000000000000000    0.000000000000000
well_24311__stream_apportionment198                      0.2455000000000000    1.000000000000000    0.000000000000000
well_24317__stream_apportionment199                      0.01310000000000000    1.000000000000000    0.000000000000000
well_24323__stream_apportionment200                      0.9843000000000000    1.000000000000000    0.000000000000000
well_2544__stream_apportionment20                      0.3722000000000000    1.000000000000000    0.000000000000000
well_2750__stream_apportionment21                      0.04820000000000000    1.000000000000000    0.000000000000000
well_2886__stream_apportionment22                      0.3251000000000000    1.000000000000000    0.000000000000000
well_3473__stream_apportionment23                      0.02160000000000000    1.000000000000000    0.000000000000000
well_3949__stream_apportionment24                      0.6395999999999999    1.000000000000000    0.000000000000000
well_4171__stream_apportionment25                      0.1144000000000000    1.000000000000000    0.000000000000000
well_418__stream_apportionment0                      0.6612000000000000    1.000000000000000    0.000000000000000
well_466__stream_apportionment1                      0.9762999999999999    1.000000000000000    0.000000000000000
well_467__stream_apportionment2                      0.9548000000000000    1.000000000000000    0.000000000000000
well_490__stream_apportionment3                      0.01160000000000000    1.000000000000000    0.000000000000000
well_509__stream_apportionment4                      0.2427000000000000    1.000000000000000    0.000000000000000
well_58403__stream_apportionment201                      0.3183000000000000    1.000000000000000    0.000000000000000
well_58405__stream_apportionment202                      0.7880000000000000    1.000000000000000    0.000000000000000
well_58406__stream_apportionment203                      0.01230000000000000    1.000000000000000    0.000000000000000
well_58407__stream_apportionment204                      0.02330000000000000    1.000000000000000    0.000000000000000
well_58410__stream_apportionment205                      0.3070000000000000    1.000000000000000    0.000000000000000
well_58411__stream_apportionment206                      0.1807000000000000    1.000000000000000    0.000000000000000
well_58414__stream_apportionment207                      0.3258000000000000    1.000000000000000    0.000000000000000
well_58416__stream_apportionment208                      0.3245000000000000    1.000000000000000    0.000000000000000
well_58424__stream_apportionment209                      0.08450000000000001    1.000000000000000    0.000000000000000
well_58433__stream_apportionment210                      0.2825000000000000    1.000000000000000    0.000000000000000
well_58434__stream_apportionment211                      0.1165000000000000    1.000000000000000    0.000000000000000
well_602__stream_apportionment5                      0.007300000000000000    1.000000000000000    0.000000000000000
well_603__stream_apportionment6                      0.008000000000000000    1.000000000000000    0.000000000000000
well_67673__stream_apportionment212                      0.1139000000000000    1.000000000000000    0.000000000000000
well_67895__stream_apportionment213                      0.02440000000000000    1.000000000000000    0.000000000000000
well_68008__stream_apportionment214                      0.6427000000000000    1.000000000000000    0.000000000000000
well_68216__stream_apportionment215                      0.03860000000000000    1.000000000000000    0.000000000000000
well_68218__stream_apportionment216                      0.02730000000000000    1.000000000000000    0.000000000000000
well_68219__stream_apportionment217                      0.03660000000000000    1.000000000000000    0.000000000000000
well_68220__stream_apportionment218                      0.03510000000000000    1.000000000000000    0.000000000000000
well_68221__stream_apportionment219                      0.04400000000000000    1.000000000000000    0.000000000000000
well_68294__stream_apportionment220                      0.0009000000000000000    1.000000000000000    0.000000000000000
well_68475__stream_apportionment221                      0.3131000000000000    1.000000000000000    0.000000000000000
well_68529__stream_apportionment222                      0.9959000000000000    1.000000000000000    0.000000000000000
well_68693__stream_apportionment223                      0.05250000000000000    1.000000000000000    0.000000000000000
well_68695__stream_apportionment224                      0.05940000000000000    1.000000000000000    0.000000000000000
well_68872__stream_apportionment225                      0.2237000000000000    1.000000000000000    0.000000000000000
well_68917__stream_apportionment226                      0.06150000000000000    1.000000000000000    0.000000000000000
well_68925__stream_apportionment227                      0.3117000000000000    1.000000000000000    0.000000000000000
well_68926__stream_apportionment228                      0.2951000000000000    1.000000000000000    0.000000000000000
well_69049__stream_apportionment229                      0.9965000000000001    1.000000000000000    0.000000000000000
well_69065__stream_apportionment230                      0.2901000000000000    1.000000000000000    0.000000000000000
well_69282__stream_apportionment231                      0.7530000000000000    1.000000000000000    0.000000000000000
well_69288__stream_apportionment232                      0.01230000000000000    1.000000000000000    0.000000000000000
well_69289__stream_apportionment233                      0.004600000000000000    1.000000000000000    0.000000000000000
well_69480__stream_apportionment234                      0.1321000000000000    1.000000000000000    0.000000000000000
well_69508__stream_apportionment235                      0.02390000000000000    1.000000000000000    0.000000000000000
well_69576__stream_apportionment236                      0.06960000000000000    1.000000000000000    0.000000000000000
well_69635__stream_apportionment237                      0.009200000000000000    1.000000000000000    0.000000000000000
well_69636__stream_apportionment238                      0.01470000000000000    1.000000000000000    0.000000000000000
well_69638__stream_apportionment239                      0.01470000000000000    1.000000000000000    0.000000000000000
well_69669__stream_apportionment240                      0.01030000000000000    1.000000000000000    0.000000000000000
well_69970__stream_apportionment241                      0.9679000000000000    1.000000000000000    0.000000000000000
well_69990__stream_apportionment242                      0.06040000000000000    1.000000000000000    0.000000000000000
well_70119__stream_apportionment243                      0.6793000000000000    1.000000000000000    0.000000000000000
well_70120__stream_apportionment244                      0.6423000000000000    1.000000000000000    0.000000000000000
well_70186__stream_apportionment245                      0.9598000000000000    1.000000000000000    0.000000000000000
well_70191__stream_apportionment246                      0.03690000000000000    1.000000000000000    0.000000000000000
well_70263__stream_apportionment247                      0.01010000000000000    1.000000000000000    0.000000000000000
well_70517__stream_apportionment248                      0.03260000000000000    1.000000000000000    0.000000000000000
well_70519__stream_apportionment249                      0.03270000000000000    1.000000000000000    0.000000000000000
well_70520__stream_apportionment250                      0.03290000000000000    1.000000000000000    0.000000000000000
well_70548__stream_apportionment251                      0.001000000000000000    1.000000000000000    0.000000000000000
well_70881__stream_apportionment252                      0.5963000000000001    1.000000000000000    0.000000000000000
well_70961__stream_apportionment253                      0.09360000000000000    1.000000000000000    0.000000000000000
well_70974__stream_apportionment254                      0.09270000000000000    1.000000000000000    0.000000000000000
well_70975__stream_apportionment255                      0.09270000000000000    1.000000000000000    0.000000000000000
well_71044__stream_apportionment256                      0.9129000000000000    1.000000000000000    0.000000000000000
well_71062__stream_apportionment257                      0.1546000000000000    1.000000000000000    0.000000000000000
well_71063__stream_apportionment258                      0.2058000000000000    1.000000000000000    0.000000000000000
well_71109__stream_apportionment259                      0.9185000000000000    1.000000000000000    0.000000000000000
well_71110__stream_apportionment260                      0.8965000000000000    1.000000000000000    0.000000000000000
well_71117__stream_apportionment261                      0.09320000000000001    1.000000000000000    0.000000000000000
well_71156__stream_apportionment262                      0.002600000000000000    1.000000000000000    0.000000000000000
well_71199__stream_apportionment263                      0.1683000000000000    1.000000000000000    0.000000000000000
well_71495__stream_apportionment264                      0.3520000000000000    1.000000000000000    0.000000000000000
well_71935__stream_apportionment265                      0.2618000000000000    1.000000000000000    0.000000000000000
well_71998__stream_apportionment266                      0.008999999999999999    1.000000000000000    0.000000000000000
well_72082__stream_apportionment267                      0.1960000000000000    1.000000000000000    0.000000000000000
well_72094__stream_apportionment268                      0.02580000000000000    1.000000000000000    0.000000000000000
well_72095__stream_apportionment269                      0.02420000000000000    1.000000000000000    0.000000000000000
well_72269__stream_apportionment270                      0.2027000000000000    1.000000000000000    0.000000000000000
well_72301__stream_apportionment271                      0.06260000000000000    1.000000000000000    0.000000000000000
well_72304__stream_apportionment272                      0.06410000000000000    1.000000000000000    0.000000000000000
well_72421__stream_apportionment273                      0.01640000000000000    1.000000000000000    0.000000000000000
well_72422__stream_apportionment274                      0.01250000000000000    1.000000000000000    0.000000000000000
well_72436__stream_apportionment275                      0.04550000000000000    1.000000000000000    0.000000000000000
well_72437__stream_apportionment276                      0.03970000000000000    1.000000000000000    0.000000000000000
well_72607__stream_apportionment277                      0.2797000000000000    1.000000000000000    0.000000000000000
well_72610__stream_apportionment278                      0.6290000000000000    1.000000000000000    0.000000000000000
well_72713__stream_apportionment279                      0.6071000000000000    1.000000000000000    0.000000000000000
well_72756__stream_apportionment280                      0.4469000000000000    1.000000000000000    0.000000000000000
well_72983__stream_apportionment281                      0.1781000000000000    1.000000000000000    0.000000000000000
well_73153__stream_apportionment282                      0.09930000000000000    1.000000000000000    0.000000000000000
well_73262__stream_apportionment283                      0.004400000000000000    1.000000000000000    0.000000000000000
well_73280__stream_apportionment284                      0.2941000000000000    1.000000000000000    0.000000000000000
well_73281__stream_apportionment285                      0.3058000000000000    1.000000000000000    0.000000000000000
well_73372__stream_apportionment286                      0.1032000000000000    1.000000000000000    0.000000000000000
well_73440__stream_apportionment287                      0.06250000000000000    1.000000000000000    0.000000000000000
well_73481__stream_apportionment288                      0.1490000000000000    1.000000000000000    0.000000000000000
well_73715__stream_apportionment289                      0.8270999999999999    1.000000000000000    0.000000000000000
well_73737__stream_apportionment290                      0.08220000000000000    1.000000000000000    0.000000000000000
well_73761__stream_apportionment291                      0.6283000000000000    1.000000000000000    0.000000000000000
well_73762__stream_apportionment292                      0.6836000000000000    1.000000000000000    0.000000000000000
well_73906__stream_apportionment293                      0.09220000000000000    1.000000000000000    0.000000000000000
well_73940__stream_apportionment294                      0.04040000000000000    1.000000000000000    0.000000000000000
well_73942__stream_apportionment295                      0.04510000000000000    1.000000000000000    0.000000000000000
well_74131__stream_apportionment296                      0.002000000000000000    1.000000000000000    0.000000000000000
well_74280__stream_apportionment297                      0.04440000000000000    1.000000000000000    0.000000000000000
well_798__stream_apportionment7                      0.08480000000000000    1.000000000000000    0.000000000000000
well_807__stream_apportionment8                      0.1691000000000000    1.000000000000000    0.000000000000000
well_84404__stream_apportionment298                      0.2402000000000000    1.000000000000000    0.000000000000000
well_84409__stream_apportionment299                      0.8706000000000000    1.000000000000000    0.000000000000000
well_84411__stream_apportionment300                      0.8706000000000000    1.000000000000000    0.000000000000000
well_850__stream_apportionment9                      0.01570000000000000    1.000000000000000    0.000000000000000
well_862__stream_apportionment10                      0.2424000000000000    1.000000000000000    0.000000000000000
well_91103__stream_apportionment301                      0.03090000000000000    1.000000000000000    0.000000000000000
well_91173__stream_apportionment302                      0.1090000000000000    1.000000000000000    0.000000000000000
well_91808__stream_apportionment303                      0.005000000000000000    1.000000000000000    0.000000000000000
well_91996__stream_apportionment304                      0.02300000000000000    1.000000000000000    0.000000000000000
well_91997__stream_apportionment305                      0.02450000000000000    1.000000000000000    0.000000000000000
well_92099__stream_apportionment306                      0.04230000000000000    1.000000000000000    0.000000000000000
well_92184__stream_apportionment307                      0.07969999999999999    1.000000000000000    0.000000000000000
well_92299__stream_apportionment308                      0.02160000000000000    1.000000000000000    0.000000000000000
well_92696__stream_apportionment309                      0.001200000000000000    1.000000000000000    0.000000000000000
well_92714__stream_apportionment310                      0.05290000000000000    1.000000000000000    0.000000000000000
well_92724__stream_apportionment311                      0.006800000000000000    1.000000000000000    0.000000000000000
well_92743__stream_apportionment312                      0.01150000000000000    1.000000000000000    0.000000000000000
well_92808__stream_apportionment313                      0.04310000000000000    1.000000000000000    0.000000000000000
well_92885__stream_apportionment314                      0.2951000000000000    1.000000000000000    0.000000000000000
well_92981__stream_apportionment315                      0.02530000000000000    1.000000000000000    0.000000000000000
well_93142__stream_apportionment316                      0.4170000000000000    1.000000000000000    0.000000000000000
well_93143__stream_apportionment317                      0.4188000000000000    1.000000000000000    0.000000000000000
well_93349__stream_apportionment318                      0.1989000000000000    1.000000000000000    0.000000000000000
well_93422__stream_apportionment319                      0.007200000000000000    1.000000000000000    0.000000000000000
well_93423__stream_apportionment320                      0.007100000000000000    1.000000000000000    0.000000000000000
well_93424__stream_apportionment321                      0.007900000000000001    1.000000000000000    0.000000000000000
well_93469__stream_apportionment322                      0.7911000000000000    1.000000000000000    0.000000000000000
well_93832__stream_apportionment323                      0.01030000000000000    1.000000000000000    0.000000000000000
well_94302__stream_apportionment324                      0.8774999999999999    1.000000000000000    0.000000000000000
well_94988__stream_apportionment325                      0.07030000000000000    1.000000000000000    0.000000000000000
well_95068__stream_apportionment326                      0.1252000000000000    1.000000000000000    0.000000000000000
