  1 639 976 -1.48306580E+03
  2 639 976 -7.07172314E+03
  1 752 94 -8.78449902E+03
  2 752 94 -8.43115918E+03
  2 752 94 -3.38600769E+02
  2 678 127 -3.86000000E-04
  2 678 127 -1.40399998E-05
  2 556 748 -6.32538428E+03
  1 577 855 -3.22174911E+01
  2 577 855 -5.18370743E+01
  2 577 855 -7.31232822E-01
  2 563 867 -4.74399996E+00
  1 774 405 -5.99382324E+03
  2 774 405 -6.61727832E+03
  2 623 925 -1.39202003E+01
  1 698 206 -7.09782764E+03
  2 698 206 -7.51516406E+03
  1 757 172 -3.58089868E+03
  2 757 172 -3.74095459E+03
  2 519 511 -8.68664160E+03
  2 783 345 -8.78525586E+03
  2 498 392 -1.01084668E+03
  2 498 392 -4.33839798E+01
  2 725 137 -1.75704994E+01
  1 548 417 -6.72416016E+03
  2 548 417 -6.87541553E+03
  2 164 529 -3.63160059E+03
  2 164 529 -2.06340942E+02
  2 480 789 -5.73632617E+03
  2 480 789 -1.20511047E+02
  2 851 87 -4.83189062E+03
  2 478 768 -4.28281201E+03
  2 865 644 -2.04454863E+04
  1 882 192 -6.16047998E+03
  2 882 192 -4.30996436E+03
  2 397 327 -9.96665776E-01
  2 397 327 -2.82342006E-02
  2 455 651 -2.01810875E+01
  2 455 651 -3.17812413E-01
  2 505 815 -7.28943506E+03
  2 505 815 -1.39377335E+02
  2 458 387 -8.86951172E+02
  2 458 387 -2.67153969E+01
  2 856 245 -4.50003369E+03
  2 856 245 -1.29796173E+02
  1 438 394 -4.47769623E+02
  2 438 394 -4.74682190E+02
  2 773 658 -3.22345664E+04
  1 474 835 -1.79779644E+01
  2 474 835 -3.40806580E+01
  2 474 835 -6.52879596E-01
  2 294 680 -2.15494922E+03
  2 294 680 -3.18032894E+01
  2 840 107 -1.76128086E+04
  2 840 107 -5.90241394E+02
  1 619 435 -7.66509082E+03
  2 619 435 -8.48074512E+03
  2 665 159 -4.68693408E+03
  2 534 503 -3.61073999E+03
  2 355 512 -6.58972656E+03
  2 355 512 -2.31218475E+02
  2 821 386 -7.86898047E+03
  2 821 386 -2.94718353E+02
  2 450 636 -9.73700047E+00
  2 762 421 -1.75704994E+01
  2 356 419 -7.09477478E+02
  2 356 419 -8.65216446E+01
  2 864 533 -1.04839180E+04
  2 864 533 -1.81382660E+02
  1 472 768 -3.12964600E+02
  2 472 768 -5.54788391E+02
  2 472 768 -1.07725906E+01
  1 801 379 -5.62146045E+03
  2 801 379 -6.16749414E+03
  2 801 379 -2.29274872E+02
  2 410 341 -4.57148828E+04
  2 410 341 -1.52892590E+03
  2 623 396 -4.94170593E+02
  2 725 996 -1.50350869E+04
  2 617 538 -1.95911206E+03
  2 896 527 -2.67229160E+04
  2 896 527 -4.80627991E+02
  1 714 486 -2.98409448E+03
  2 714 486 -3.88432739E+03
  2 714 486 -8.95006332E+01
  1 486 311 -3.32599951E+03
  2 486 311 -7.81175195E+03
  2 486 311 -2.11700607E+02
  1 623 396 -2.90440552E+03
  2 564 854 -4.89024010E+01
  1 532 856 -3.13283691E+03
  2 532 856 -6.20149707E+03
  1 741 458 -2.22201929E+03
  2 741 458 -2.97095117E+03
  2 741 458 -7.81829224E+01
  2 514 822 -1.22773945E+04
  2 868 599 -1.09815693E+04
  2 232 543 -7.70245947E+03
  2 232 543 -2.90658844E+02
  1 430 443 -1.32937744E+03
  2 430 443 -9.59174438E+02
  2 430 443 -4.50316658E+01
  1 880 377 -6.42569287E+03
  2 880 377 -8.23377246E+03
  2 880 377 -2.74459076E+02
  2 683 94 -1.05202999E+01
  2 654 127 -6.82376562E+03
  2 654 127 -2.50876251E+02
  2 701 538 -1.18600947E+04
  2 713 468 -6.58894189E+03
  2 383 323 -1.98828633E+04
  1 852 444 -1.20753003E+03
  2 852 444 -1.43463562E+03
  2 662 194 -1.02045430E+04
  2 662 194 -3.71074310E+02
  2 714 468 -1.20687451E+03
  1 415 414 -7.12752869E+02
  2 415 414 -3.05150421E+02
  2 415 414 -3.63274307E+01
  1 741 398 -6.56759787E+00
  2 741 398 -6.61030197E+00
  1 621 255 -3.61220002E+00
  1 629 249 -3.44007206E+00
  2 629 249 -2.97392797E+00
  2 831 128 -3.77231738E+03
  1 471 405 -9.57114355E+03
  2 471 405 -8.70702637E+03
  3 471 405 -4.54191498E+02
  2 638 512 -2.63777305E+04
  2 644 459 -1.03771348E+04
  2 786 559 -2.69424785E+04
  2 786 559 -4.54341949E+02
  1 355 484 -1.21528906E+03
  2 355 484 -1.06268823E+03
  2 355 484 -4.08726234E+01
  1 858 121 -6.43007129E+03
  2 858 121 -6.74407861E+03
  2 117 676 -8.78530025E+00
  2 686 13 -1.88686602E+04
  3 686 13 -1.54827356E+03
  2 769 238 -3.73019141E+03
  2 769 238 -1.20679108E+02
  2 815 585 -6.42161914E+03
  1 512 782 -3.95336487E+02
  2 803 272 -1.07771211E+04
  2 803 272 -3.71368622E+02
  1 317 523 -2.01299695E+03
  2 317 523 -2.06458594E+03
  2 317 523 -7.07050018E+01
  1 719 61 -1.38683301E+03
  2 719 61 -1.23853076E+03
  2 489 536 -8.41276074E+03
  2 820 412 -1.50081465E+04
  2 463 636 -1.67527612E+03
  2 463 636 -2.75992775E+01
  2 756 592 -1.53741968E+03
  2 752 121 -8.69309863E+03
  2 752 121 -3.28041443E+02
  1 829 272 -5.16882178E+03
  2 829 272 -4.75116113E+03
  2 829 272 -1.58901611E+02
  2 882 219 -1.09188535E+04
  2 806 656 -2.07591934E+04
  1 467 842 -8.78525586E+03
  1 472 768 -3.12966156E+00
  2 472 768 -5.54791212E+00
  2 472 768 -1.07726403E-01
  2 447 513 -6.44789355E+03
  1 495 730 -2.10737467E+00
  2 495 730 -3.63648949E+01
  2 495 730 -6.86130106E-01
  2 603 428 -3.83358438E+04
  2 603 428 -8.32121582E+02
  3 478 330 -4.83342822E+03
  2 683 98 -2.63560009E+00
  2 498 312 -1.80027429E+03
  2 498 312 -4.86560593E+01
  2 741 398 -6.36482658E+01
  2 741 398 -2.24113607E+00
  1 850 158 -3.83298193E+03
  2 850 158 -4.51301123E+03
  2 818 107 -1.49037979E+02
  2 818 107 -5.57151556E+00
  2 357 536 -1.10260664E+04
  2 357 536 -2.82719635E+02
  2 304 537 -5.24505518E+03
  2 304 537 -1.75419907E+02
  2 196 512 -2.29880905E+02
  2 228 576 -6.42339062E+03
  2 228 576 -1.33265366E+02
  2 804 258 -1.50466025E+04
  2 804 258 -5.06960999E+02
  1 859 651 -5.09249365E+03
  2 859 651 -1.52695332E+04
  2 692 127 -1.41412480E+04
  2 692 127 -4.87629242E+02
  2 777 299 -8.01465479E+03
  2 777 299 -2.60216064E+02
  2 315 557 -5.57699524E+02
  2 315 557 -1.33420935E+01
  2 218 530 -1.20687109E+04
  2 218 530 -5.80226501E+02
  2 672 186 -9.90199121E+03
  2 672 186 -3.51134430E+02
  1 638 977 -7.99676697E+02
  2 638 977 -3.81309497E+03
  1 732 34 -1.60635632E+03
  2 732 34 -1.24929114E+03
  1 778 67 -8.61623438E+03
  2 778 67 -7.31766943E+03
  2 778 67 -3.01138672E+02
  2 767 452 -8.33598926E+03
  2 767 452 -2.23484970E+02
  2 423 407 -1.42560742E+03
  2 423 407 -1.42560730E+02
  2 529 524 -2.10846143E+03
  1 631 354 -6.28684311E+01
  2 631 354 -6.56159668E+01
  1 713 54 -2.31032983E+03
  2 713 54 -2.21188062E+03
  2 758 8 -9.27723022E+02
  2 702 144 -8.59263867E+03
  1 711 272 -3.53539314E+01
  2 711 272 -4.26846069E+02
  2 404 321 -8.33030090E+01
  2 404 321 -2.35319233E+00
  2 537 656 -1.25354599E+02
  2 299 546 -2.48293304E+02
  2 299 546 -7.68709898E+00
  1 817 863 -5.56015723E+03
  2 817 863 -1.28390967E+04
  2 477 468 -8.78530025E+00
  1 624 967 -1.99944717E+02
  2 624 967 -3.11796387E+02
  2 673 611 -2.05065312E+04
  2 115 690 -2.68327713E+01
  2 115 690 -6.21128976E-01
  2 679 137 -8.51291309E+03
  2 520 416 -1.44956726E+03
  2 556 534 -9.00030371E+03
  2 556 534 -1.31969269E+02
  2 732 146 -1.27315322E+04
  2 732 146 -4.54697571E+02
  2 883 246 -2.17454199E+04
  2 883 246 -5.58147095E+02
  2 132 682 -4.10892480E+03
  2 132 682 -9.31728973E+01
  2 725 192 -1.18163379E+04
  2 725 192 -4.08711731E+02
  2 180 575 -1.02873516E+04
  1 701 436 -1.01149182E+03
  2 701 436 -1.09696960E+03
  2 546 416 -3.76667847E+03
  2 732 48 -2.11880078E+03
  1 551 845 -3.01198978E+01
  2 551 845 -5.06094170E+01
  2 551 845 -7.71484792E-01
  2 617 967 -8.88775024E+02
  2 417 449 -2.16581372E+03
  2 417 449 -7.44265823E+01
  1 804 41 -6.06282178E+03
  2 804 41 -4.55629492E+03
  2 804 41 -2.04318161E+02
  2 724 219 -1.23677578E+04
  2 724 219 -4.07101715E+02
  2 518 475 -1.16551062E+03
  2 588 938 -3.95336487E+02
  1 356 419 -5.25571350E+02
  2 356 419 -2.41033447E+02
  2 356 419 -2.93943214E+01
  1 555 846 -3.16955070E+01
  2 555 846 -5.22984886E+01
  2 555 846 -7.93603480E-01
  2 336 449 -7.54774219E+03
  2 336 449 -4.68803833E+02
  2 678 212 -3.13633618E+03
  1 757 225 -6.37582715E+03
  2 757 225 -6.92586426E+03
  2 757 225 -2.24865723E+02
  1 849 472 -1.58866711E+03
  2 250 410 -7.06380225E+03
  2 250 410 -1.89378082E+02
  2 703 357 -2.95184595E+03
  2 311 399 -5.51038281E+03
  2 311 399 -1.27555153E+02
  1 784 831 -5.91195508E+03
  2 784 831 -1.01187783E+04
  2 784 831 -1.31208282E+02
  2 372 473 -4.84454883E+03
  2 372 473 -1.67631454E+02
  1 763 325 -3.28244775E+03
  2 763 325 -3.56018506E+03
  2 763 325 -1.15216347E+02
  2 535 452 -1.10050166E+04
  2 535 452 -2.29749832E+02
  1 811 127 -3.69154224E+03
  2 811 127 -3.73033911E+03
  2 811 127 -1.40027588E+02
  2 650 609 -3.33671641E+00
  2 650 609 -4.55835983E-02
  1 486 445 -5.73800537E+03
  2 486 445 -3.47260303E+03
  1 474 835 -6.74174072E+02
  2 474 835 -1.27802539E+03
  2 474 835 -2.44830017E+01
  2 512 801 -7.53867480E+03
  2 512 801 -1.46666824E+02
  2 221 645 -7.29944922E+03
  2 685 15 -5.78984814E+03
  3 685 15 -3.62905518E+02
  1 699 41 -3.35633691E+03
  2 699 41 -4.07994287E+03
  2 270 415 -5.23813037E+03
  2 270 415 -1.21534363E+02
  1 652 172 -3.47243115E+03
  2 652 172 -2.96093823E+03
  2 647 610 -5.19686680E+04
  1 828 505 -1.82195604E-01
  2 828 505 -4.20185614E+00
  2 828 505 -8.17482024E-02
  2 783 467 -2.99463330E+03
  2 783 467 -7.58135071E+01
  2 613 428 -3.83143750E+04
  2 613 428 -8.34190186E+02
  1 705 94 -1.18547955E+01
  2 705 94 -1.35401039E+01
  2 855 299 -7.80500586E+03
  2 855 299 -2.58102051E+02
  2 807 412 -5.33271436E+03
  2 807 412 -2.01996750E+02
  2 589 403 -1.00547812E+04
  1 679 88 -4.97336273E+01
  2 679 88 -5.05646744E+01
  2 692 591 -1.33437334E+04
  2 692 591 -2.07523071E+02
  2 897 526 -1.57400000E+00
  2 726 526 -2.01531934E+04
  2 837 668 -3.16476025E+03
  2 112 701 -3.35247109E+04
  2 112 701 -8.13706543E+02
  2 871 14 -3.99999990E-04
  1 622 250 -1.69809997E+00
  2 481 611 -3.38095403E+00
  2 481 611 -5.99460006E-02
  2 437 636 -4.70009995E+00
  2 531 650 -1.63733398E+02
  2 681 361 -1.10626203E+05
  2 681 361 -2.76911646E+03
  2 683 571 -5.56765576E+03
  1 784 34 -8.15978223E+03
  2 784 34 -6.64886426E+03
  2 249 776 -7.90672974E+02
  2 296 425 -8.66522461E+03
  2 296 425 -2.29846802E+02
  1 858 35 -1.82875403E+03
  2 858 35 -1.51118054E+03
  2 796 198 -1.11261602E+04
  2 796 198 -3.94824280E+02
  2 620 369 -6.97001953E+04
  1 665 146 -4.79325537E+03
  2 665 146 -4.68439746E+03
  2 665 146 -2.05456039E+02
  2 813 102 -3.52230908E+03
  2 813 102 -1.34696289E+02
  2 682 97 -9.92730045E+00
  1 652 704 -5.32533150E+01
  2 652 704 -3.49122998E+03
  2 652 704 -4.13652840E+01
  2 811 61 -1.00213408E+04
  2 432 483 -5.09383594E+03
  2 458 483 -1.72740098E+04
  2 578 694 -2.78931860E+03
  2 482 428 -3.05427461E+04
  2 512 469 -2.38387910E+04
  2 732 61 -2.62536377E+03
  2 789 325 -7.44489893E+03
  2 881 482 -1.30514121E+04
  2 723 325 -6.05267529E+03
  2 504 396 -2.07859141E+04
  2 521 433 -2.54899434E+04
  2 826 559 -7.37961475E+03
  2 798 114 -2.67739453E+03
  2 303 445 -5.27115295E+02
  2 829 299 -5.84880566E+03
  2 556 534 -2.43527285E+04
  2 842 598 -7.63438721E+03
  2 720 452 -3.82158618E+03
  2 593 928 -1.19479473E+04
  2 299 523 -5.31364160E+03
  2 177 515 -7.53774951E+03
  2 750 325 -1.48450684E+04
  2 736 572 -7.26705371E+03
  2 635 537 -4.26963428E+03
  2 551 907 -6.11310005E+00
  2 207 554 -1.35953965E+04
  2 752 14 -8.69582227E+03
  2 710 312 -8.38420801E+03
  2 723 351 -6.40298730E+03
  2 679 172 -8.45624805E+03
  2 752 454 -6.68045459E+03
  2 703 565 -2.27318496E+04
  2 289 537 -1.34905713E+04
  2 850 519 -2.41594531E+04
  2 652 225 -2.39145645E+04
  2 747 546 -1.05536914E+04
  2 405 511 -2.66168823E+03
  2 509 389 -6.68118701E+03
  2 254 565 -1.28879697E+04
  2 852 559 -9.24208887E+03
  2 838 87 -4.69182080E+03
  2 455 454 -2.22831152E+04
  2 713 519 -1.44850381E+04
  2 839 559 -4.79674951E+03
  2 450 636 -3.55074799E+02
  2 526 795 -7.11605713E+03
  2 659 611 -1.09800003E-01
  2 646 311 -5.97182227E+03
  2 750 325 -1.50885928E+04
  2 674 198 -2.72331201E+03
  2 608 454 -3.80767617E+04
  2 516 422 -1.44956726E+03
  2 638 225 -2.53015356E+03
  2 406 483 -1.78494434E+04
  2 255 590 -2.19279980E+04
  2 485 376 -4.25975098E+03
  2 751 192 -1.66458008E+04
  2 724 258 -1.54181240E+04
  2 189 552 -2.08833008E+01
  2 728 397 -2.67492734E+04
  2 856 259 -1.65799746E+04
  2 777 192 -1.16058350E+04
  2 516 422 -1.73508801E+03
  2 602 717 -1.12341499E+02
  2 723 351 -1.06155176E+03
  2 293 563 -1.03221260E+04
  2 798 532 -4.83628320E+03
  2 750 672 -2.08649829E+03
  2 562 852 -1.11770000E+01
  2 785 145 -1.60515410E+04
  2 728 410 -4.49805078E+03
  2 156 547 -3.82158618E+03
  2 692 61 -3.22492096E+02
  2 882 259 -2.15106992E+04
  2 809 292 -5.20789941E+03
  2 890 146 -8.33061914E+03
  2 191 529 -7.19951709E+03
  2 517 357 -2.96502368E+03
  2 679 127 -3.85384570E+03
  2 727 437 -5.22429883E+03
  2 492 553 -1.24135664E+04
  2 425 420 -1.58134595E+03
  2 662 922 -4.83518506E+03
  2 610 357 -6.20974805E+03
  2 689 370 -4.07130703E+04
  2 251 538 -3.39989380E+03
  2 698 166 -5.80192578E+03
  2 813 559 -1.23505322E+04
  2 818 128 -3.97664600E+03
  2 725 166 -1.07633105E+04
  1 45 585 -2.76735992E+01
  2 330 537 -1.13922451E+04
  2 732 87 -1.12719551E+04
  2 673 512 -1.04368838E+04
  2 603 403 -5.19304004E+03
  2 550 452 -4.15207861E+03
  2 380 509 -4.50317578E+03
  2 745 146 -1.29251143E+04
  2 675 423 -6.11453809E+03
  2 711 297 -8.21523242E+03
  2 752 143 -2.35946826E+03
  2 593 902 -5.12356104E+03
  2 806 438 -5.00759570E+03
  2 705 499 -7.12980762E+03
  2 404 321 -2.92182959E+03
  2 258 689 -2.05637207E+04
  2 812 546 -3.69273584E+03
  2 777 218 -7.97399170E+03
  2 733 618 -2.17435078E+04
  2 771 265 -2.69970898E+04
  2 479 477 -1.18895977E+04
  2 825 546 -7.94033350E+03
  1 39 592 -4.84287207E+03
  2 809 346 -7.69588379E+03
  2 738 599 -8.23617676E+02
  2 878 546 -9.83948633E+03
  2 569 517 -1.76144375E+04
  2 760 438 -9.15130762E+03
  2 685 258 -1.44894443E+04
  2 786 546 -1.37353076E+04
  2 482 428 -2.42224141E+04
  2 544 554 -9.68574414E+03
  2 118 693 -1.75704994E+01
  2 416 518 -1.69482002E+01
  2 362 605 -1.75704994E+01
  2 474 610 -3.29450011E+00
  2 784 34 -1.21346348E+04
  2 618 257 -4.71884805E+04
  2 376 472 -7.57728271E+02
  2 689 526 -3.07483997E+01
  2 625 927 -9.98956985E+01
  2 836 512 -2.37930012E+00
  2 121 694 -3.16269196E+02
  2 758 61 -3.99999990E-04
  2 706 198 -1.38459287E+04
  2 645 704 -5.27115295E+02
  2 537 405 -1.19391621E+04
  2 732 101 -4.35704736E+03
  2 616 566 -8.21055371E+03
  2 886 400 -1.66118203E+04
  2 316 419 -8.01654602E+02
  2 303 647 -1.66041328E+04
  2 798 87 -6.66850342E+03
  2 758 159 -7.91463672E+03
  2 777 432 -2.05574976E+03
  2 597 551 -1.11675244E+04
  2 670 330 -4.56236133E+03
  2 339 571 -4.46561875E+04
  2 531 650 -1.49675134E+03
  2 397 440 -1.42321143E+03
  2 735 559 -1.48975977E+04
  2 580 876 -9.38792383E+03
  2 672 351 -6.13781689E+03
  2 725 121 -6.84602637E+03
  2 632 511 -1.65096543E+04
  2 638 212 -8.20256348E+03
  2 746 979 -1.80238301E+04
  2 758 87 -1.06735000E+04
  2 789 325 -8.79322949E+03
  2 384 327 -5.57863721E+03
  2 661 538 -6.26681592E+03
  2 745 127 -5.88172852E+03
  2 758 74 -2.15238770E+04
  2 691 225 -1.19638711E+04
  2 590 372 -2.49281641E+03
  2 701 245 -3.41729761E+03
  2 251 695 -4.65179297E+03
  2 821 373 -1.78516387E+04
  2 785 127 -1.45343274E+03
  2 731 290 -9.39906055E+03
  2 750 245 -8.57803613E+03
  2 755 371 -2.21717891E+04
  2 803 218 -1.84613906E+04
  2 683 447 -8.36380566E+03
  2 685 479 -5.16573047E+03
  2 672 499 -8.22299902E+03
  2 778 121 -1.00575801E+04
  2 217 517 -4.03572681E+03
  2 514 849 -1.35600420E+04
  2 794 399 -3.27250781E+03
  2 516 537 -3.08789297E+04
  2 665 567 -1.19193965E+04
  2 682 545 -7.99458252E+03
  2 797 513 -1.69116172E+04
  2 731 277 -8.61366895E+03
  2 588 429 -5.76146484E+03
  2 639 420 -1.58837422E+04
  2 672 114 -3.14201367E+03
  2 669 454 -7.24783594E+03
  2 200 556 -1.99333801E+02
  2 807 452 -1.17421533E+04
  2 774 456 -4.32234570E+03
  2 266 549 -4.09164429E+03
  2 260 570 -1.01762549E+04
  2 775 379 -1.29451865E+04
  2 675 479 -1.58778857E+04
  2 695 545 -1.24457788E+03
  2 758 47 -6.53787744E+03
  2 838 74 -1.54995635E+04
  2 686 192 -2.72463730E+04
  2 156 548 -4.39263000E+01
  2 751 659 -5.27114983E+01
  2 158 535 -1.11133486E+04
  2 829 191 -1.05493350E+04
  2 580 902 -6.60374854E+03
  2 612 252 -5.30770586E+04
  2 784 21 -1.60605459E+04
  2 673 205 -5.86953918E+02
  2 841 474 -8.43384570E+03
  2 891 21 -4.23414160E+03
  2 776 502 -1.99763535E+04
  2 593 941 -3.96214996E+02
  2 530 602 -2.28416595E+02
  2 508 610 -5.13537744E+03
  2 469 317 -1.11317383E+05
  3 469 317 -2.88261450E+03
  2 464 317 -1.08016133E+04
  2 464 317 -2.98387085E+02
